1
30 30
259 727 494 274 210 448 180 401 608 691 713 799 11 713 231 824 771 153 447 745 278 397 453 186 694 991 919 22 340 150 
421 973 718 691 804 913 164 533 577 550 177 665 792 549 675 249 284 939 826 478 446 493 854 177 960 150 991 295 440 456 
711 562 322 476 795 904 847 748 34 499 342 356 161 484 452 172 784 314 899 351 380 61 351 299 232 479 275 298 517 460 
504 715 274 197 434 497 603 469 12 875 964 518 746 449 970 568 331 457 621 893 147 762 715 177 347 829 572 40 276 59 
400 721 191 234 768 730 17 615 786 501 65 592 709 323 961 957 534 159 465 428 732 141 688 726 11 531 409 228 341 989 
60 278 605 646 262 223 919 382 507 18 154 494 941 364 501 521 1000 757 179 499 458 990 402 220 966 817 820 369 134 222 
280 496 320 98 651 168 851 164 502 768 931 247 959 34 537 93 858 209 237 533 821 539 458 432 763 312 912 967 827 428 
597 664 827 125 508 971 533 142 453 717 350 643 887 414 776 532 224 114 680 842 146 290 557 663 40 636 376 661 311 734 
273 533 360 783 532 828 835 68 863 393 748 55 702 600 819 263 434 533 182 610 954 338 759 758 732 673 650 217 292 640 
328 68 316 278 334 446 357 337 975 763 113 955 131 28 120 252 978 830 165 574 895 609 616 381 664 812 699 25 152 63 
864 156 369 831 344 554 330 847 789 212 64 331 610 373 673 68 135 307 919 469 574 346 511 395 957 86 309 254 409 450 
25 429 142 128 280 702 95 213 659 143 642 928 25 784 576 949 402 504 410 70 111 961 761 820 357 578 229 902 370 658 
674 435 20 520 612 384 490 331 976 467 504 374 756 630 529 837 21 597 451 668 851 758 82 578 138 238 422 628 649 892 
198 245 954 664 503 281 297 956 402 447 601 155 82 198 197 206 154 515 412 68 400 385 769 621 310 328 875 875 558 918 
885 427 694 323 36 411 511 289 196 113 610 836 411 885 920 279 766 482 854 831 965 76 946 53 502 717 181 728 224 870 
261 50 537 388 30 350 920 116 514 526 293 192 909 445 246 287 568 761 382 856 149 238 166 568 108 884 521 291 390 901 
762 231 751 92 26 330 562 391 231 638 823 845 252 724 825 891 848 318 615 625 224 615 64 357 246 63 254 58 701 383 
193 221 918 458 957 775 169 218 867 494 582 391 516 506 791 375 173 24 515 583 37 659 448 869 365 823 904 891 579 925 
46 952 349 793 96 675 501 224 763 235 355 981 106 59 990 300 467 972 313 563 357 92 968 36 583 475 523 587 480 514 
467 450 466 116 332 855 908 970 114 281 865 411 740 671 178 494 777 175 774 547 431 629 825 790 569 536 511 35 90 149 
766 867 579 272 436 299 82 382 22 442 685 234 427 173 408 668 61 555 266 971 937 711 209 578 434 610 403 556 772 199 
353 937 385 733 141 607 273 393 968 983 699 851 636 147 353 156 701 170 654 699 645 47 534 200 781 954 131 555 313 714 
776 143 290 695 566 628 815 123 144 635 167 164 177 139 291 925 93 165 557 643 931 89 712 615 124 469 584 300 55 874 
490 957 334 801 217 449 369 842 594 926 652 29 375 616 916 162 129 425 237 426 626 516 717 826 232 878 835 926 761 258 
803 228 916 210 717 740 786 612 643 439 233 127 751 268 242 530 612 119 928 488 775 373 617 368 843 890 430 198 488 721 
827 889 508 818 993 575 279 538 80 995 301 79 435 874 913 66 736 532 297 963 931 613 54 924 609 339 740 959 1000 398 
745 988 643 720 770 514 84 806 376 359 846 378 30 627 755 948 374 79 850 374 695 738 465 824 978 146 982 413 465 780 
380 377 22 232 507 566 382 852 274 337 468 27 161 891 760 686 416 947 957 958 78 253 303 394 656 154 982 857 216 419 
247 336 171 964 707 255 342 770 588 535 558 88 405 358 699 322 52 593 784 344 347 539 645 945 859 640 452 263 58 769 
786 657 669 804 830 244 899 399 718 793 490 416 60 35 201 517 318 763 846 111 891 818 475 396 296 178 398 895 285 630 
